Printing Matrix:
Row 0: 0.000001	0.000036	0.000067	0.000026	-0.000017	-0.000058	-0.000026	-0.000021	0.000005	0.000083	0.000049	-0.000016	-0.000050	-0.000087	-0.000052	-0.000000	-0.000000	-0.000000	-0.000010	-0.000027	0.000014	0.000070	0.000077	0.000086	0.000027	-0.000078	-0.000133	-0.000067	0.000006	0.000005	-0.000032	-0.000009	0.000000	0.000000	0.000000	0.000000	0.000000	0.000000	0.000000	0.000000	0.000000	0.000000	0.000000	0.000000	0.000000	0.000000	0.000000	0.000000	0.000000	0.000000	0.000000	-0.000007	-0.000066	-0.000035	-0.000012	-0.000000	0.000000	
Row 1: 0.000036	0.020338	0.233265	0.358977	-0.085976	-0.404146	-0.161331	0.129856	0.235012	0.094797	-0.124805	-0.146871	-0.054178	0.019223	0.034704	0.011808	0.000030	0.004087	0.009142	-0.046130	-0.028235	0.149373	0.106175	0.095601	0.099599	-0.058767	-0.127362	-0.060991	0.000036	0.022712	0.014122	0.003189	0.000000	0.000000	0.000000	0.000000	0.000000	0.000000	0.000000	0.000000	0.000000	0.000000	0.000000	0.000000	0.000000	0.000000	0.000000	0.000000	0.000000	-0.000000	-0.000048	-0.009485	-0.104895	-0.191382	-0.068271	-0.003530	-0.000008	
Row 2: 0.000067	0.233265	6.487738	20.287177	6.034756	-20.764825	-13.266413	3.149125	12.638307	9.068368	-4.679931	-9.331531	-4.908687	-0.153720	1.465567	0.517550	0.000963	0.189874	0.910421	-0.350302	-0.307379	5.829835	3.818247	2.813877	5.900734	-0.536027	-5.829720	-3.475292	-0.943390	0.279595	0.492997	0.150205	0.000000	0.000000	0.000000	0.000000	0.000000	0.000000	0.000000	0.000000	0.000000	0.000000	0.000000	0.000000	0.000000	0.000000	0.000000	0.000000	0.000000	-0.000018	-0.003132	-0.359146	-4.085595	-7.960541	-2.831529	-0.157645	-0.001002	
Row 3: 0.000026	0.358977	20.287177	109.996169	103.205473	-95.310388	-120.930932	-12.019106	72.964675	82.931476	-2.433187	-60.350234	-46.647534	-14.510304	2.368865	1.920748	0.004873	1.035084	6.315693	4.770016	6.335277	36.012793	22.062812	4.846791	35.686116	13.752418	-30.168384	-24.951499	-10.137897	-2.516070	0.703202	0.561145	0.000000	0.000000	0.000000	0.000000	0.000000	0.000000	0.000000	0.000000	0.000000	0.000000	0.000000	0.000000	0.000000	0.000000	0.000000	0.000000	0.000000	0.000063	-0.010791	-1.720057	-20.625596	-41.783812	-15.123391	-0.876824	-0.006403	
Row 4: -0.000017	-0.085976	6.034756	103.205473	269.159863	61.007215	-249.162123	-151.417340	54.533229	182.312776	104.083265	-57.085810	-106.166654	-71.568917	-27.567989	-3.683516	0.005285	1.559784	13.955253	28.440129	34.902346	66.199319	47.991061	-16.831225	26.205978	62.794161	-6.192564	-41.150394	-28.214772	-15.036171	-5.837837	-0.437679	0.000000	0.000000	0.000000	0.000000	0.000000	0.000000	0.000000	0.000000	0.000000	0.000000	0.000000	0.000000	0.000000	0.000000	0.000000	0.000000	0.000000	0.000409	-0.003726	-1.121430	-16.100702	-36.832647	-14.671048	-0.948293	-0.003333	
Row 5: -0.000058	-0.404146	-20.764825	-95.310388	61.007215	457.699151	140.652620	-286.341184	-237.937436	19.759909	230.354106	170.059504	8.544872	-80.722094	-72.272790	-17.237520	-0.004001	-0.099352	9.487097	51.682019	71.910098	42.286993	46.823175	-7.763845	-81.942820	27.882673	113.489395	37.440267	-16.992663	-23.616459	-15.479636	-3.214403	0.000000	0.000000	0.000000	0.000000	0.000000	0.000000	0.000000	0.000000	0.000000	0.000000	0.000000	0.000000	0.000000	0.000000	0.000000	0.000000	0.000000	-0.000436	0.010239	2.807037	31.994192	61.210586	20.667564	1.162270	0.006735	
Row 6: -0.000026	-0.161331	-13.266413	-120.930932	-249.162123	140.652620	627.066663	175.121893	-373.656679	-349.951895	15.250154	262.173397	241.158413	101.249842	5.334815	-5.750637	-0.004823	-1.193582	-8.121522	0.956707	34.181146	27.433040	37.004199	67.715804	-41.817022	-96.057379	62.500867	128.504988	63.397174	5.093147	-11.159018	-3.811926	0.000000	0.000000	0.000000	0.000000	0.000000	0.000000	0.000000	0.000000	0.000000	0.000000	0.000000	0.000000	0.000000	0.000000	0.000000	0.000000	0.000000	-0.000576	0.000939	1.687029	22.848220	50.167151	19.724590	1.285799	-0.006061	
Row 7: -0.000021	0.129856	3.149125	-12.019106	-151.417340	-286.341184	175.121893	686.830094	215.989233	-437.451287	-387.061176	-24.148063	197.707656	231.837164	142.029563	28.629749	-0.000251	-0.043864	-2.954742	-22.794627	-41.093747	-11.486024	42.662218	100.366337	105.034157	-20.406094	-90.701339	24.010012	104.676347	82.969335	31.989798	3.816308	0.000000	0.000000	0.000000	0.000000	0.000000	0.000000	0.000000	0.000000	0.000000	0.000000	0.000000	0.000000	0.000000	0.000000	0.000000	0.000000	0.000000	0.000005	-0.009838	-0.467883	-4.182671	-7.325872	-1.806998	-0.082942	-0.005670	
Row 8: 0.000005	0.235012	12.638307	72.964675	54.533229	-237.937436	-373.656679	215.989233	907.968630	309.481997	-565.484531	-474.610337	-142.154257	72.634543	119.104442	34.975058	0.001435	0.451111	7.479803	19.643240	-8.690090	-61.521789	-18.214474	98.181028	167.256049	137.139844	-19.073714	-115.323133	-44.362472	56.108619	68.664385	17.272152	0.000000	0.000000	0.000000	0.000000	0.000000	0.000000	0.000000	0.000000	0.000000	0.000000	0.000000	0.000000	0.000000	0.000000	0.000000	0.000000	0.000000	-0.000435	-0.013216	-0.170740	-3.801943	-8.737982	-3.991745	-0.328522	0.004564	
Row 9: 0.000083	0.094797	9.068368	82.931476	182.312776	19.759909	-349.951895	-437.451287	309.481997	1216.911090	362.130088	-622.271697	-589.779402	-294.825111	-91.390671	-8.463049	0.002812	0.521577	4.669476	22.539079	56.916530	41.545121	-56.816447	-10.189403	153.940738	208.806749	161.447286	11.859485	-122.698505	-122.011260	-43.690986	-3.149023	0.000000	0.000000	0.000000	0.000000	0.000000	0.000000	0.000000	0.000000	0.000000	0.000000	0.000000	0.000000	0.000000	0.000000	0.000000	0.000000	0.000000	-0.000751	0.005840	-0.664202	-11.369041	-24.674634	-9.922533	-0.539806	-0.006825	
Row 10: 0.000049	-0.124805	-4.679931	-2.433187	104.083265	230.354106	15.250154	-387.061176	-565.484531	362.130088	1485.024451	549.872996	-491.709897	-611.683451	-345.092416	-69.406690	-0.000539	0.123752	-0.277258	-2.038966	29.475382	112.983411	65.838326	-98.777121	-19.193914	186.906510	241.793084	194.856278	92.011306	-47.646514	-91.046952	-25.817071	0.000000	0.000000	0.000000	0.000000	0.000000	0.000000	0.000000	0.000000	0.000000	0.000000	0.000000	0.000000	0.000000	0.000000	0.000000	0.000000	0.000000	-0.000275	-0.000186	-0.680692	-8.733566	-18.105465	-6.357906	-0.163272	-0.014054	
Row 11: -0.000016	-0.146871	-9.331531	-60.350234	-57.085810	170.059504	262.173397	-24.148063	-474.610337	-622.271697	549.872996	1441.330005	687.293150	-253.278616	-378.712750	-92.971486	-0.002599	-0.570956	-4.163080	-9.091222	-12.268850	21.331834	105.183635	21.533585	-127.588340	17.194930	201.371894	191.593252	169.190290	120.299814	44.133109	3.706197	0.000000	0.000000	0.000000	0.000000	0.000000	0.000000	0.000000	0.000000	0.000000	0.000000	0.000000	0.000000	0.000000	0.000000	0.000000	0.000000	0.000000	-0.000350	-0.017602	0.600178	6.888451	14.922836	6.231416	0.458367	0.000296	
Row 12: -0.000050	-0.054178	-4.908687	-46.647534	-106.166654	8.544872	241.158413	197.707656	-142.154257	-589.779402	-491.709897	687.293150	1427.505927	771.565413	-32.789156	-69.881029	-0.000860	-0.631984	-5.378232	-10.860772	-20.076655	-38.015152	33.138604	110.056193	-43.566741	-124.860672	83.779258	157.623932	122.656845	108.039821	78.316483	18.611113	0.000000	0.000000	0.000000	0.000000	0.000000	0.000000	0.000000	0.000000	0.000000	0.000000	0.000000	0.000000	0.000000	0.000000	0.000000	0.000000	0.000000	-0.001743	-0.002342	0.925801	9.577982	20.309943	8.327964	0.577618	0.002991	
Row 13: -0.000087	0.019223	-0.153720	-14.510304	-71.568917	-80.722094	101.249842	231.837164	72.634543	-294.825111	-611.683451	-253.278616	771.565413	1390.861791	771.256523	78.309853	0.000708	-0.327860	-3.487464	-9.245863	-16.506368	-34.828155	-18.164366	81.512002	58.408421	-122.451532	-48.804607	110.729531	99.138095	67.764006	47.294647	11.469234	0.000000	0.000000	0.000000	0.000000	0.000000	0.000000	0.000000	0.000000	0.000000	0.000000	0.000000	0.000000	0.000000	0.000000	0.000000	0.000000	0.000000	-0.001801	-0.004026	0.616678	5.460334	9.958606	4.060844	0.280454	-0.004703	
Row 14: -0.000052	0.034704	1.465567	2.368865	-27.567989	-72.272790	5.334815	142.029563	119.104442	-91.390671	-345.092416	-378.712750	-32.789156	771.256523	1155.958518	342.848061	0.000437	-0.059485	-1.101631	-4.528329	-9.150331	-16.883575	-20.958881	26.813165	65.839912	-48.019663	-85.521437	44.521804	71.340898	44.242065	24.754068	5.270351	0.000000	0.000000	0.000000	0.000000	0.000000	0.000000	0.000000	0.000000	0.000000	0.000000	0.000000	0.000000	0.000000	0.000000	0.000000	0.000000	0.000000	-0.001167	-0.009613	0.323775	1.876001	2.375989	0.546319	0.003804	-0.003844	
Row 15: -0.000000	0.011808	0.517550	1.920748	-3.683516	-17.237520	-5.750637	28.629749	34.975058	-8.463049	-69.406690	-92.971486	-69.881029	78.309853	342.848061	183.242200	-0.000160	0.017569	0.039275	-0.452295	-1.642019	-3.376547	-5.262884	2.316046	16.449776	-4.489289	-24.423734	5.000768	17.853334	11.412022	5.428924	1.027108	0.000000	0.000000	0.000000	0.000000	0.000000	0.000000	0.000000	0.000000	0.000000	0.000000	0.000000	0.000000	0.000000	0.000000	0.000000	0.000000	0.000000	-0.000564	-0.001532	0.036177	0.162984	0.147462	-0.102715	-0.030977	-0.002631	
Row 16: -0.000000	0.000030	0.000963	0.004873	0.005285	-0.004001	-0.004823	-0.000251	0.001435	0.002812	-0.000539	-0.002599	-0.000860	0.000708	0.000437	-0.000160	0.000945	0.019086	0.027603	0.001661	-0.010867	-0.009289	-0.009650	-0.003874	0.007414	0.009961	-0.001009	-0.006445	-0.002470	0.003166	0.002701	0.000623	0.000000	0.000019	0.000516	0.001158	0.000835	0.005288	0.003538	-0.001255	0.005141	0.002937	-0.002583	-0.001922	0.000144	-0.000284	-0.000207	0.000522	0.000404	0.000000	-0.000152	-0.000875	-0.010226	-0.018774	-0.005918	-0.000581	-0.000018	
Row 17: -0.000000	0.004087	0.189874	1.035084	1.559784	-0.099352	-1.193582	-0.043864	0.451111	0.521577	0.123752	-0.570956	-0.631984	-0.327860	-0.059485	0.017569	0.019086	2.563865	11.990802	9.768417	-2.008054	-6.964443	-6.930834	-2.343743	3.026019	4.098994	0.438307	-1.972261	-1.513041	-0.321436	0.199548	0.082881	0.000000	0.026950	0.812652	2.330692	1.718914	0.974627	-0.053937	-1.531983	0.324308	1.307038	0.428343	-0.343460	-0.484036	-0.275989	-0.022516	0.076654	0.017587	-0.000070	-0.002918	-0.211931	-2.652334	-5.492303	-2.016246	-0.130092	-0.001994	
Row 18: -0.000010	0.009142	0.910421	6.315693	13.955253	9.487097	-8.121522	-2.954742	7.479803	4.669476	-0.277258	-4.163080	-5.378232	-3.487464	-1.101631	0.039275	0.027603	11.990802	109.163094	179.623070	43.196753	-102.020479	-120.054012	-42.320133	35.069932	59.656330	18.505947	-25.143981	-26.873884	-10.195153	0.141418	0.747666	0.000000	0.386784	12.992968	40.088129	31.498356	9.982369	-8.434269	-29.039888	-10.898983	18.782409	16.471465	-1.007288	-7.549839	-5.954665	-2.741779	-0.682905	-0.066318	-0.000746	-0.015993	-1.906890	-24.487942	-52.324898	-19.648139	-1.193892	-0.014748	
Row 19: -0.000027	-0.046130	-0.350302	4.770016	28.440129	51.682019	0.956707	-22.794627	19.643240	22.539079	-2.038966	-9.091222	-10.860772	-9.245863	-4.528329	-0.452295	0.001661	9.768417	179.623070	538.985442	403.843996	-203.790849	-452.991812	-206.727104	62.295713	185.513823	106.106160	-55.174776	-98.016250	-54.493555	-12.242323	0.000770	0.000000	0.939241	36.337151	125.073523	113.288255	41.923781	-19.982549	-94.188704	-76.015798	49.568284	82.388117	12.697762	-23.531099	-23.635048	-15.426435	-7.149651	-1.333869	-0.001017	-0.048510	-5.221706	-65.467494	-136.228499	-49.723253	-2.831605	-0.029811	
Row 20: 0.000014	-0.028235	-0.307379	6.335277	34.902346	71.910098	34.181146	-41.093747	-8.690090	56.916530	29.475382	-12.268850	-20.076655	-16.506368	-9.150331	-1.642019	-0.010867	-2.008054	43.196753	403.843996	789.768597	292.925016	-539.769350	-480.426857	-92.353055	169.360225	200.708717	24.892208	-95.705935	-93.312839	-41.870608	-6.175348	0.000000	0.563591	27.177898	112.610242	131.509871	78.707678	20.046415	-59.536728	-114.203227	14.477931	130.539320	53.251134	-26.123307	-35.985876	-26.716031	-14.838274	-3.280319	-0.000440	-0.090104	-8.099053	-97.076485	-194.278834	-68.347524	-3.647022	-0.028179	
Row 21: 0.000070	0.149373	5.829835	36.012793	66.199319	42.286993	27.433040	-11.486024	-61.521789	41.545121	112.983411	21.331834	-38.015152	-34.828155	-16.883575	-3.376547	-0.009289	-6.964443	-102.020479	-203.790849	292.925016	1058.572438	438.419827	-511.810888	-498.517184	-162.418717	107.959692	197.900798	111.879491	-1.670733	-36.602161	-10.821578	0.000000	-0.331138	-11.803551	-31.977683	-3.640792	46.221544	82.261032	112.499360	37.556706	-64.621585	17.019717	86.568306	22.393453	-21.644736	-22.650577	-12.146450	-2.423752	-0.000384	-0.057598	-4.668201	-56.976919	-118.532858	-43.447763	-2.390739	-0.014536	
Row 22: 0.000077	0.106175	3.818247	22.062812	47.991061	46.823175	37.004199	42.662218	-18.214474	-56.816447	65.838326	105.183635	33.138604	-18.164366	-20.958881	-5.262884	-0.009650	-6.930834	-120.054012	-452.991812	-539.769350	438.419827	1573.880885	624.532960	-624.029767	-684.540177	-253.405976	148.987684	285.105132	198.758836	69.667167	7.841771	-0.000000	-0.665734	-29.627824	-117.409580	-126.600923	-36.276181	86.367866	187.056654	196.208785	-17.463773	-166.314419	-2.952650	109.928604	66.624116	11.060465	-3.804895	-0.719366	0.000000	0.055331	5.367535	63.693393	124.781981	42.633574	2.255457	0.023955	
Row 23: 0.000086	0.095601	2.813877	4.846791	-16.831225	-7.763845	67.715804	100.366337	98.181028	-10.189403	-98.777121	21.533585	110.056193	81.512002	26.813165	2.316046	-0.003874	-2.343743	-42.320133	-206.727104	-480.426857	-511.810888	624.532960	1779.717224	686.190096	-755.141120	-786.824502	-266.771443	60.456634	179.136180	139.971203	32.584815	-0.000000	-0.230965	-8.934911	-36.840240	-55.136157	-55.282585	10.808194	102.955833	144.847192	98.041168	-75.732110	-129.825094	27.170694	125.620591	98.858973	39.507819	5.637299	-0.000170	0.037080	5.362634	68.050720	142.090274	52.884091	2.980687	0.040996	
Row 24: 0.000027	0.099599	5.900734	35.686116	26.205978	-81.942820	-41.817022	105.034157	167.256049	153.940738	-19.193914	-127.588340	-43.566741	58.408421	65.839912	16.449776	0.007414	3.026019	35.069932	62.295713	-92.353055	-498.517184	-624.029767	686.190096	2182.161813	897.837314	-946.633034	-936.027352	-449.815024	-121.183515	15.854637	13.644429	0.000000	0.327678	14.663353	57.921812	62.749038	8.687447	-69.521020	-50.839041	53.138241	158.041238	155.107246	-23.775930	-125.361547	-39.516178	67.536868	76.533590	19.152460	-0.001620	-0.048504	-2.714067	-29.640156	-54.829715	-16.917968	-1.014225	-0.004872	
Row 25: -0.000078	-0.058767	-0.536027	13.752418	62.794161	27.882673	-96.057379	-20.406094	137.139844	208.806749	186.906510	17.194930	-124.860672	-122.451532	-48.019663	-4.489289	0.009961	4.098994	59.656330	185.513823	169.360225	-162.418717	-684.540177	-755.141120	897.837314	2771.702420	1045.579511	-1032.902480	-1102.728994	-599.253303	-232.332926	-37.294330	0.000000	0.547280	21.704066	80.870661	93.568967	79.160256	3.036398	-136.735520	-76.089693	152.433974	257.720273	181.024477	-8.485190	-140.895560	-125.960677	-45.588029	-4.067479	0.000586	-0.039759	-5.471371	-70.225826	-145.002733	-52.542601	-3.228808	-0.052337	
Row 26: -0.000133	-0.127362	-5.829720	-30.168384	-6.192564	113.489395	62.500867	-90.701339	-19.073714	161.447286	241.793084	201.371894	83.779258	-48.804607	-85.521437	-24.423734	-0.001009	0.438307	18.505947	106.106160	200.708717	107.959692	-253.405976	-786.824502	-946.633034	1045.579511	3308.463813	1415.960387	-737.589957	-1073.360213	-607.655772	-120.877494	0.000000	0.069491	3.045471	13.441431	20.031361	41.681089	93.870648	32.856762	-111.506179	-11.129861	203.332467	249.806134	177.658332	63.369577	-59.559619	-90.874062	-25.892055	0.002600	-0.007055	-0.074871	-3.460040	-13.410474	-7.388458	-0.382069	-0.026820	
Row 27: -0.000067	-0.060991	-3.475292	-24.951499	-41.150394	37.440267	128.504988	24.010012	-115.323133	11.859485	194.856278	191.593252	157.623932	110.729531	44.521804	5.000768	-0.006445	-1.972261	-25.143981	-55.174776	24.892208	197.900798	148.987684	-266.771443	-936.027352	-1032.902480	1415.960387	3174.598845	1641.050441	-327.697021	-670.653315	-168.185785	0.000000	-0.343084	-14.384401	-53.095009	-54.315893	-24.651793	47.640289	153.844073	59.131128	-135.152269	-17.790519	187.660667	195.444547	167.956303	119.515521	49.884958	6.517919	-0.000239	0.032201	4.374056	49.820254	99.428336	34.657628	2.402909	0.009749	
Row 28: 0.000006	0.000036	-0.943390	-10.137897	-28.214772	-16.992663	63.397174	104.676347	-44.362472	-122.698505	92.011306	169.190290	122.656845	99.138095	71.340898	17.853334	-0.002470	-1.513041	-26.873884	-98.016250	-95.705935	111.879491	285.105132	60.456634	-449.815024	-1102.728994	-737.589957	1641.050441	3111.476857	1734.089956	13.959682	-127.325979	-0.000000	-0.328754	-14.417776	-56.206385	-62.182481	-38.163004	-3.812192	94.948018	154.875455	-53.594665	-177.758792	58.932471	174.784316	147.016583	120.050510	83.811769	21.080482	-0.001138	0.058566	4.183733	47.635516	97.377049	35.161874	2.284483	0.022006	
Row 29: 0.000005	0.022712	0.279595	-2.516070	-15.036171	-23.616459	5.093147	82.969335	56.108619	-122.011260	-47.646514	120.299814	108.039821	67.764006	44.242065	11.412022	0.003166	-0.321436	-10.195153	-54.493555	-93.312839	-1.670733	198.758836	179.136180	-121.183515	-599.253303	-1073.360213	-327.697021	1734.089956	2974.334272	1654.890943	175.472937	-0.000000	-0.152767	-6.570024	-26.831982	-33.568123	-26.881891	-18.333793	13.041903	107.810535	62.242615	-149.984590	-69.731752	120.229723	119.586598	76.561485	47.349618	11.669284	-0.000573	0.024477	2.011388	23.329152	48.182708	17.685369	0.875580	0.022457	
Row 30: -0.000032	0.014122	0.492997	0.703202	-5.837837	-15.479636	-11.159018	31.989798	68.664385	-43.690986	-91.046952	44.133109	78.316483	47.294647	24.754068	5.428924	0.002701	0.199548	0.141418	-12.242323	-41.870608	-36.602161	69.667167	139.971203	15.854637	-232.332926	-607.655772	-670.653315	13.959682	1654.890943	2437.452403	721.628532	-0.000000	-0.026558	-0.962617	-4.585411	-8.767625	-13.118261	-15.288159	-13.474753	36.422237	75.910888	-49.142243	-93.484151	45.093226	77.833346	44.253624	22.395838	4.925871	-0.000464	-0.018316	0.309112	5.201859	9.741127	3.408939	-0.016838	0.021240	
Row 31: -0.000009	0.003189	0.150205	0.561145	-0.437679	-3.214403	-3.811926	3.816308	17.272152	-3.149023	-25.817071	3.706197	18.611113	11.469234	5.270351	1.027108	0.000623	0.082881	0.747666	0.000770	-6.175348	-10.821578	7.841771	32.584815	13.644429	-37.294330	-120.877494	-168.185785	-127.325979	175.472937	721.628532	382.826023	-0.000000	0.004444	0.160561	0.352583	-0.484572	-2.151211	-3.605488	-4.403657	3.842967	19.400372	-2.468560	-25.474920	3.926299	18.544413	11.498629	5.840168	1.316361	-0.000186	-0.012853	-0.102750	0.059426	-0.678752	-0.327386	-0.040074	0.008270	
Row 32: 0.000000	0.000000	0.000000	0.000000	0.000000	0.000000	0.000000	0.000000	0.000000	0.000000	0.000000	0.000000	0.000000	0.000000	0.000000	0.000000	0.000000	0.000000	0.000000	0.000000	0.000000	0.000000	-0.000000	-0.000000	0.000000	0.000000	0.000000	0.000000	-0.000000	-0.000000	-0.000000	-0.000000	0.000000	0.000000	0.000000	0.000000	0.000000	0.000000	-0.000000	-0.000000	-0.000000	-0.000000	0.000000	0.000000	-0.000000	-0.000000	-0.000000	-0.000000	-0.000000	0.000000	0.000000	0.000000	-0.000000	-0.000000	-0.000000	0.000000	0.000000	
Row 33: 0.000000	0.000000	0.000000	0.000000	0.000000	0.000000	0.000000	0.000000	0.000000	0.000000	0.000000	0.000000	0.000000	0.000000	0.000000	0.000000	0.000019	0.026950	0.386784	0.939241	0.563591	-0.331138	-0.665734	-0.230965	0.327678	0.547280	0.069491	-0.343084	-0.328754	-0.152767	-0.026558	0.004444	0.000000	0.038396	0.717719	1.312850	0.453204	-0.024648	-0.334597	-0.779111	-0.664624	0.081161	0.461301	0.262009	0.047250	-0.019470	-0.045178	-0.040626	-0.008964	-0.000000	-0.000350	-0.036505	-0.438762	-0.893038	-0.324288	-0.018542	-0.000133	
Row 34: 0.000000	0.000000	0.000000	0.000000	0.000000	0.000000	0.000000	0.000000	0.000000	0.000000	0.000000	0.000000	0.000000	0.000000	0.000000	0.000000	0.000516	0.812652	12.992968	36.337151	27.177898	-11.803551	-29.627824	-8.934911	14.663353	21.704066	3.045471	-14.384401	-14.417776	-6.570024	-0.962617	0.160561	0.000000	0.717719	20.322733	52.805857	31.097515	0.956182	-17.718489	-30.939285	-27.292690	0.030955	18.821719	12.578209	2.317509	-1.429781	-2.366326	-1.838155	-0.417792	-0.000025	-0.016137	-1.528811	-18.284857	-37.065764	-13.371690	-0.769128	-0.007019	
Row 35: 0.000000	0.000000	0.000000	0.000000	0.000000	0.000000	0.000000	0.000000	0.000000	0.000000	0.000000	0.000000	0.000000	0.000000	0.000000	0.000000	0.001158	2.330692	40.088129	125.073523	112.610242	-31.977683	-117.409580	-36.840240	57.921812	80.870661	13.441431	-53.095009	-56.206385	-26.831982	-4.585411	0.352583	0.000000	1.312850	52.805857	182.541316	157.242751	26.022099	-78.077208	-120.317585	-103.737536	-12.457853	67.269440	54.817597	12.621036	-5.806555	-10.024928	-7.546374	-1.742874	-0.000254	-0.063691	-5.786856	-68.839262	-139.191299	-50.020636	-2.878156	-0.028174	
Row 36: 0.000000	0.000000	0.000000	0.000000	0.000000	0.000000	0.000000	0.000000	0.000000	0.000000	0.000000	0.000000	0.000000	0.000000	0.000000	0.000000	0.000835	1.718914	31.498356	113.288255	131.509871	-3.640792	-126.600923	-55.136157	62.749038	93.568967	20.031361	-54.315893	-62.182481	-33.568123	-8.767625	-0.484572	0.000000	0.453204	31.097515	157.242751	223.639397	122.646462	-73.641761	-158.463575	-132.103022	-44.415434	53.895007	73.000708	30.990620	0.517902	-10.008414	-8.306617	-1.903110	-0.000387	-0.070661	-6.052254	-72.498630	-146.345324	-52.562325	-3.043227	-0.030792	
Row 37: 0.000000	0.000000	0.000000	0.000000	0.000000	0.000000	0.000000	0.000000	0.000000	0.000000	0.000000	0.000000	0.000000	0.000000	0.000000	0.000000	0.005288	0.974627	9.982369	41.923781	78.707678	46.221544	-36.276181	-55.282585	8.687447	79.160256	41.681089	-24.651793	-38.163004	-26.881891	-13.118261	-2.151211	0.000000	-0.024648	0.956182	26.022099	122.646462	283.899811	189.901160	-112.757421	-178.898948	-109.815070	-47.418135	23.267272	60.348450	44.042233	15.540220	2.265913	-0.087886	0.000206	-0.024985	-2.284655	-29.379441	-61.589917	-23.147118	-1.433048	-0.013505	
Row 38: 0.000000	0.000000	0.000000	0.000000	0.000000	0.000000	0.000000	0.000000	0.000000	0.000000	0.000000	0.000000	0.000000	0.000000	0.000000	0.000000	0.003538	-0.053937	-8.434269	-19.982549	20.046415	82.261032	86.367866	10.808194	-69.521020	3.036398	93.870648	47.640289	-3.812192	-18.333793	-15.288159	-3.605488	-0.000000	-0.334597	-17.718489	-78.077208	-73.641761	189.901160	610.355476	330.929989	-180.450663	-246.921890	-199.058131	-134.936500	9.748463	91.086241	80.103436	39.304188	6.986249	0.001191	0.047630	2.115986	25.227673	48.507159	16.095322	0.753143	0.012249	
Row 39: 0.000000	0.000000	0.000000	0.000000	0.000000	0.000000	0.000000	0.000000	0.000000	0.000000	0.000000	0.000000	0.000000	0.000000	0.000000	0.000000	-0.001255	-1.531983	-29.039888	-94.188704	-59.536728	112.499360	187.056654	102.955833	-50.839041	-136.735520	32.856762	153.844073	94.948018	13.041903	-13.474753	-4.403657	-0.000000	-0.779111	-30.939285	-120.317585	-158.463575	-112.757421	330.929989	862.257467	398.161790	-262.649839	-351.591963	-265.287206	-149.947444	-14.296109	70.678601	66.211764	16.012047	0.001787	0.072371	4.818613	58.873317	122.899806	45.074852	2.527014	0.029931	
Row 40: 0.000000	0.000000	0.000000	0.000000	0.000000	0.000000	0.000000	0.000000	0.000000	0.000000	0.000000	0.000000	0.000000	0.000000	0.000000	0.000000	0.005141	0.324308	-10.898983	-76.015798	-114.203227	37.556706	196.208785	144.847192	53.138241	-76.089693	-111.506179	59.131128	154.875455	107.810535	36.422237	3.842967	-0.000000	-0.664624	-27.292690	-103.737536	-132.103022	-178.898948	-180.450663	398.161790	1032.502079	442.855854	-332.790091	-381.075316	-244.356408	-177.194060	-90.035699	-15.720409	2.578199	0.000687	0.062826	4.270117	49.820845	103.802156	38.334192	2.292765	0.024900	
Row 41: 0.000000	0.000000	0.000000	0.000000	0.000000	0.000000	0.000000	0.000000	0.000000	0.000000	0.000000	0.000000	0.000000	0.000000	0.000000	0.000000	0.002937	1.307038	18.782409	49.568284	14.477931	-64.621585	-17.463773	98.041168	158.041238	152.433974	-11.129861	-135.152269	-53.594665	62.242615	75.910888	19.400372	-0.000000	0.081161	0.030955	-12.457853	-44.415434	-109.815070	-246.921890	-262.649839	442.855854	1238.998654	561.325031	-366.182709	-396.149652	-259.832282	-190.393746	-116.345246	-25.597519	-0.000403	0.037109	-0.623176	-8.899737	-17.046117	-5.680732	-0.324260	-0.007319	
Row 42: 0.000000	0.000000	0.000000	0.000000	0.000000	0.000000	0.000000	0.000000	0.000000	0.000000	0.000000	0.000000	0.000000	0.000000	0.000000	0.000000	-0.002583	0.428343	16.471465	82.388117	130.539320	17.019717	-166.314419	-75.732110	155.107246	257.720273	203.332467	-17.790519	-177.758792	-149.984590	-49.142243	-2.468560	0.000000	0.461301	18.821719	67.269440	53.895007	-47.418135	-199.058131	-351.591963	-332.790091	561.325031	1538.756066	679.852876	-358.316619	-439.378049	-264.011900	-132.808689	-29.129750	0.000022	-0.023851	-3.876635	-48.067671	-99.724333	-36.169719	-2.080068	-0.019566	
Row 43: 0.000000	0.000000	0.000000	0.000000	0.000000	0.000000	0.000000	0.000000	0.000000	0.000000	0.000000	0.000000	0.000000	0.000000	0.000000	0.000000	-0.001922	-0.343460	-1.007288	12.697762	53.251134	86.568306	-2.952650	-129.825094	-23.775930	181.024477	249.806134	187.660667	58.932471	-69.731752	-93.484151	-25.474920	0.000000	0.262009	12.578209	54.817597	73.000708	23.267272	-134.936500	-265.287206	-381.075316	-366.182709	679.852876	1799.647221	849.729999	-225.394760	-428.770884	-246.431316	-49.195645	0.001213	-0.045872	-2.296692	-25.525205	-57.118448	-21.371325	-0.965815	-0.017951	
Row 44: 0.000000	0.000000	0.000000	0.000000	0.000000	0.000000	0.000000	0.000000	0.000000	0.000000	0.000000	0.000000	0.000000	0.000000	0.000000	0.000000	0.000144	-0.484036	-7.549839	-23.531099	-26.123307	22.393453	109.928604	27.170694	-125.361547	-8.485190	177.658332	195.444547	174.784316	120.229723	45.093226	3.926299	-0.000000	0.047250	2.317509	12.621036	30.990620	60.348450	9.748463	-149.947444	-244.356408	-396.149652	-358.316619	849.729999	1679.174664	917.976908	-72.958356	-279.916177	-71.620193	0.000013	-0.023662	-0.099071	2.461148	2.708473	0.024691	0.197139	-0.006992	
Row 45: 0.000000	0.000000	0.000000	0.000000	0.000000	0.000000	0.000000	0.000000	0.000000	0.000000	0.000000	0.000000	0.000000	0.000000	0.000000	0.000000	-0.000284	-0.275989	-5.954665	-23.635048	-35.985876	-21.644736	66.624116	125.620591	-39.516178	-140.895560	63.369577	167.956303	147.016583	119.586598	77.833346	18.544413	-0.000000	-0.019470	-1.429781	-5.806555	0.517902	44.042233	91.086241	-14.296109	-177.194060	-259.832282	-439.378049	-225.394760	917.976908	1628.619112	935.014838	49.524434	-54.779095	-0.001261	-0.028063	0.534621	10.432498	22.060201	7.839608	0.478714	-0.000122	
Row 46: 0.000000	0.000000	0.000000	0.000000	0.000000	0.000000	0.000000	0.000000	0.000000	0.000000	0.000000	0.000000	0.000000	0.000000	0.000000	0.000000	-0.000207	-0.022516	-2.741779	-15.426435	-26.716031	-22.650577	11.060465	98.858973	67.536868	-125.960677	-59.559619	119.515521	120.050510	76.561485	44.253624	11.498629	-0.000000	-0.045178	-2.366326	-10.024928	-10.008414	15.540220	80.103436	70.678601	-90.035699	-190.393746	-264.011900	-428.770884	-72.958356	935.014838	1547.896238	867.565965	95.136355	-0.000965	-0.021406	0.576426	10.142260	21.395040	8.137679	0.326565	0.011262	
Row 47: 0.000000	0.000000	0.000000	0.000000	0.000000	0.000000	0.000000	0.000000	0.000000	0.000000	0.000000	0.000000	0.000000	0.000000	0.000000	0.000000	0.000522	0.076654	-0.682905	-7.149651	-14.838274	-12.146450	-3.804895	39.507819	76.533590	-45.588029	-90.874062	49.884958	83.811769	47.349618	22.395838	5.840168	-0.000000	-0.040626	-1.838155	-7.546374	-8.306617	2.265913	39.304188	66.211764	-15.720409	-116.345246	-132.808689	-246.431316	-279.916177	49.524434	867.565965	1255.009718	370.562244	0.001113	-0.001958	0.463071	6.234594	13.019867	4.935163	0.164654	0.008666	
Row 48: 0.000000	0.000000	0.000000	0.000000	0.000000	0.000000	0.000000	0.000000	0.000000	0.000000	0.000000	0.000000	0.000000	0.000000	0.000000	0.000000	0.000404	0.017587	-0.066318	-1.333869	-3.280319	-2.423752	-0.719366	5.637299	19.152460	-4.067479	-25.892055	6.517919	21.080482	11.669284	4.925871	1.316361	-0.000000	-0.008964	-0.417792	-1.742874	-1.903110	-0.087886	6.986249	16.012047	2.578199	-25.597519	-29.129750	-49.195645	-71.620193	-54.779095	95.136355	370.562244	195.634611	0.001168	0.004488	0.131254	1.182414	2.989896	1.255706	0.040625	0.000485	
Row 49: 0.000000	-0.000000	-0.000018	0.000063	0.000409	-0.000436	-0.000576	0.000005	-0.000435	-0.000751	-0.000275	-0.000350	-0.001743	-0.001801	-0.001167	-0.000564	0.000000	-0.000070	-0.000746	-0.001017	-0.000440	-0.000384	0.000000	-0.000170	-0.001620	0.000586	0.002600	-0.000239	-0.001138	-0.000573	-0.000464	-0.000186	0.000000	-0.000000	-0.000025	-0.000254	-0.000387	0.000206	0.001191	0.001787	0.000687	-0.000403	0.000022	0.001213	0.000013	-0.001261	-0.000965	0.001113	0.001168	0.001294	0.002303	0.000000	0.000000	0.000000	0.000000	0.000000	0.000000	
Row 50: 0.000000	-0.000048	-0.003132	-0.010791	-0.003726	0.010239	0.000939	-0.009838	-0.013216	0.005840	-0.000186	-0.017602	-0.002342	-0.004026	-0.009613	-0.001532	-0.000152	-0.002918	-0.015993	-0.048510	-0.090104	-0.057598	0.055331	0.037080	-0.048504	-0.039759	-0.007055	0.032201	0.058566	0.024477	-0.018316	-0.012853	0.000000	-0.000350	-0.016137	-0.063691	-0.070661	-0.024985	0.047630	0.072371	0.062826	0.037109	-0.023851	-0.045872	-0.023662	-0.028063	-0.021406	-0.001958	0.004488	0.002303	0.161540	0.302454	0.000000	0.000000	0.000000	0.000000	0.000000	
Row 51: -0.000007	-0.009485	-0.359146	-1.720057	-1.121430	2.807037	1.687029	-0.467883	-0.170740	-0.664202	-0.680692	0.600178	0.925801	0.616678	0.323775	0.036177	-0.000875	-0.211931	-1.906890	-5.221706	-8.099053	-4.668201	5.367535	5.362634	-2.714067	-5.471371	-0.074871	4.374056	4.183733	2.011388	0.309112	-0.102750	0.000000	-0.036505	-1.528811	-5.786856	-6.052254	-2.284655	2.115986	4.818613	4.270117	-0.623176	-3.876635	-2.296692	-0.099071	0.534621	0.576426	0.463071	0.131254	0.000000	0.302454	20.517292	22.379372	0.000000	0.000000	0.000000	0.000000	
Row 52: -0.000066	-0.104895	-4.085595	-20.625596	-16.100702	31.994192	22.848220	-4.182671	-3.801943	-11.369041	-8.733566	6.888451	9.577982	5.460334	1.876001	0.162984	-0.010226	-2.652334	-24.487942	-65.467494	-97.076485	-56.976919	63.693393	68.050720	-29.640156	-70.225826	-3.460040	49.820254	47.635516	23.329152	5.201859	0.059426	-0.000000	-0.438762	-18.284857	-68.839262	-72.498630	-29.379441	25.227673	58.873317	49.820845	-8.899737	-48.067671	-25.525205	2.461148	10.432498	10.142260	6.234594	1.182414	0.000000	0.000000	22.379372	329.654264	164.945333	0.000000	0.000000	0.000000	
Row 53: -0.000035	-0.191382	-7.960541	-41.783812	-36.832647	61.210586	50.167151	-7.325872	-8.737982	-24.674634	-18.105465	14.922836	20.309943	9.958606	2.375989	0.147462	-0.018774	-5.492303	-52.324898	-136.228499	-194.278834	-118.532858	124.781981	142.090274	-54.829715	-145.002733	-13.410474	99.428336	97.377049	48.182708	9.741127	-0.678752	-0.000000	-0.893038	-37.065764	-139.191299	-146.345324	-61.589917	48.507159	122.899806	103.802156	-17.046117	-99.724333	-57.118448	2.708473	22.060201	21.395040	13.019867	2.989896	0.000000	0.000000	0.000000	164.945333	745.006586	134.103594	0.000000	0.000000	
Row 54: -0.000012	-0.068271	-2.831529	-15.123391	-14.671048	20.667564	19.724590	-1.806998	-3.991745	-9.922533	-6.357906	6.231416	8.327964	4.060844	0.546319	-0.102715	-0.005918	-2.016246	-19.648139	-49.723253	-68.347524	-43.447763	42.633574	52.884091	-16.917968	-52.542601	-7.388458	34.657628	35.161874	17.685369	3.408939	-0.327386	-0.000000	-0.324288	-13.371690	-50.020636	-52.562325	-23.147118	16.095322	45.074852	38.334192	-5.680732	-36.169719	-21.371325	0.024691	7.839608	8.137679	4.935163	1.255706	0.000000	0.000000	0.000000	0.000000	134.103594	227.899080	11.758564	0.000000	
Row 55: -0.000000	-0.003530	-0.157645	-0.876824	-0.948293	1.162270	1.285799	-0.082942	-0.328522	-0.539806	-0.163272	0.458367	0.577618	0.280454	0.003804	-0.030977	-0.000581	-0.130092	-1.193892	-2.831605	-3.647022	-2.390739	2.255457	2.980687	-1.014225	-3.228808	-0.382069	2.402909	2.284483	0.875580	-0.016838	-0.040074	0.000000	-0.018542	-0.769128	-2.878156	-3.043227	-1.433048	0.753143	2.527014	2.292765	-0.324260	-2.080068	-0.965815	0.197139	0.478714	0.326565	0.164654	0.040625	0.000000	0.000000	0.000000	0.000000	0.000000	11.758564	9.464551	0.121539	
Row 56: 0.000000	-0.000008	-0.001002	-0.006403	-0.003333	0.006735	-0.006061	-0.005670	0.004564	-0.006825	-0.014054	0.000296	0.002991	-0.004703	-0.003844	-0.002631	-0.000018	-0.001994	-0.014748	-0.029811	-0.028179	-0.014536	0.023955	0.040996	-0.004872	-0.052337	-0.026820	0.009749	0.022006	0.022457	0.021240	0.008270	0.000000	-0.000133	-0.007019	-0.028174	-0.030792	-0.013505	0.012249	0.029931	0.024900	-0.007319	-0.019566	-0.017951	-0.006992	-0.000122	0.011262	0.008666	0.000485	0.000000	0.000000	0.000000	0.000000	0.000000	0.000000	0.121539	0.069072	
